0.0,0.45515741642323915,0.6593694842429019,0.6593694842429019,0.6593694842429019,0.6593694842429019,1.0,1.0
0.45515741642323915,0.0,0.6593694842429019,0.6593694842429019,0.6593694842429019,0.6593694842429019,1.0,1.0
0.6593694842429019,0.6593694842429019,0.0,0.2204629758427227,0.3170280984837947,0.3170280984837947,1.0,1.0
0.6593694842429019,0.6593694842429019,0.2204629758427227,0.0,0.3170280984837947,0.3170280984837947,1.0,1.0
0.6593694842429019,0.6593694842429019,0.3170280984837947,0.3170280984837947,0.0,0.21914784933772274,1.0,1.0
0.6593694842429019,0.6593694842429019,0.3170280984837947,0.3170280984837947,0.21914784933772274,0.0,1.0,1.0
1.0,1.0,1.0,1.0,1.0,1.0,0.0,0.35222956368525987
1.0,1.0,1.0,1.0,1.0,1.0,0.35222956368525987,0.0
